
4869065669869836
4869057700168077
4869034049539341
4868683250274074
4868099267891218
4867989410941313
4869091028111825
4867601199797081
4867565878511509
4867252987626636
4864488090113834
4869106237706192
4869022049374214
4869118539597583
4868973486934583
4868758043101660
4868727617880500
4869131079256391
4868407705210580
4867630345750624
4867604134498011
4845278677696931
4822272655495824
4869129113438119
4868756448483706
4865544208254738
4864434768454331
4862911400381044
4862589454254727
4861872585839833
4861562898613408
4860056136322818
4869195747295516
4859247861696616
4869342494196522
4869361308795980
4869376875169328
4869385581758922
4869417533970284
4869432101047970
4869525399668549
4869525390496640
4869546168556148
4869708253496170
4869740210162263
4869753488807903
4869765665656714
4869801187738507
4869842526798820
4869874302064619
4869877498644422
4869902164562089
4870121523513364
4870185662026943
4870209741524436
4870223058960952
4870444173497358
4870515011880315
4870531306226653
4870570606856313
4870612461296734
4870625783712233
4870797167168859
4870843718438276
4870846562177069
4870937532700311
